-0.876699626446 -1.67210710049
-0.865580320358 -1.67451369762
-0.853554666042 -1.67506563663
-0.840205490589 -1.67285358906
-0.828241944313 -1.67323184013
-0.817179262638 -1.67532515526
-0.805253982544 -1.6755439043
-0.794209718704 -1.67748832703
-0.779788911343 -1.67211079597
-0.767961978912 -1.67207491398
-0.756573975086 -1.67286944389
-0.74520277977 -1.6735881567
-0.733447432518 -1.67331540585
-0.722512722015 -1.67479908466
-0.7092410326 -1.6706892252
-0.699124991894 -1.673864007
-0.686715841293 -1.67142772675
-0.675108015537 -1.67075824738
-0.664269864559 -1.67186927795
-0.653805434704 -1.6738421917
-0.642623722553 -1.67388296127
-0.631463766098 -1.67385029793
-0.620325982571 -1.67374455929
-0.60955286026 -1.6745057106
-0.598118722439 -1.67331504822
-0.58837467432 -1.67676603794
-0.580238819122 -1.68488788605
-0.566906571388 -1.67781352997
-0.555563926697 -1.67633676529
-0.543330550194 -1.67193198204
-0.53298842907 -1.67315852642
-0.52294844389 -1.67527616024
-0.511732161045 -1.67350852489
-0.501127898693 -1.6735830307
-0.490540117025 -1.67359089851
-0.479142159224 -1.67064869404
-0.468875467777 -1.67148196697
-0.45914426446 -1.67418122292
-0.448103189468 -1.67199420929
-0.437356412411 -1.67070305347
-0.427135020494 -1.67128121853
-0.41571187973 -1.66694569588
-0.40600797534 -1.66933572292
-0.396751672029 -1.67361533642
-0.386109262705 -1.67199754715
-0.374841153622 -1.66738581657
-0.366203635931 -1.67442262173
-0.355209261179 -1.67065572739
-0.345484793186 -1.6726937294
-0.335355520248 -1.6727142334
-0.32466506958 -1.66972863674
-0.314946502447 -1.67158901691
-0.304499566555 -1.66945767403
-0.295825183392 -1.67710959911
-0.284720361233 -1.67091572285
-0.274671107531 -1.67057025433
-0.264635503292 -1.6701644659
-0.254764676094 -1.67068707943
-0.244606733322 -1.6691724062
-0.234475076199 -1.66759645939
-0.224636971951 -1.66794109344
-0.21493050456 -1.66921961308
-0.204850956798 -1.66746401787
-0.195496097207 -1.67160713673
-0.185327276587 -1.66874063015
-0.175616830587 -1.66979050636
-0.166196852922 -1.67376899719
-0.156178429723 -1.67172062397
-0.146887272596 -1.67758178711
-0.136067464948 -1.6654510498
-0.12652823329 -1.66820859909
-0.116752050817 -1.66791880131
-0.106983520091 -1.66757190228
-0.0972811952233 -1.66816604137
-0.0876803994179 -1.67070090771
-0.0776340067387 -1.66419029236
-0.0679110586643 -1.66361451149
-0.0585122108459 -1.67197656631
-0.0485226400197 -1.66329240799
-0.0389629229903 -1.66854512691
-0.029168440029 -1.66374433041
-0.0195248350501 -1.6668857336
-0.00976902525872 -1.6569712162
-0.000130323853227 -1.66100013256
0.00953196454793 -1.66097283363
0.0192517079413 -1.66588890553
0.028959479183 -1.66674852371
0.0385851487517 -1.66355264187
0.0483776442707 -1.66729843616
0.0578668452799 -1.66099238396
0.0679344087839 -1.67061936855
0.0775121748447 -1.66719913483
0.0872614681721 -1.66771876812
0.0971355438232 -1.67017781734
0.106977306306 -1.67158043385
0.116350971162 -1.66594195366
0.12619099021 -1.66723120213
0.136943921447 -1.67942595482
0.145840391517 -1.66863894463
0.156008958817 -1.67274069786
0.165440931916 -1.66881942749
0.175668105483 -1.6728014946
0.184624508023 -1.6647939682
0.194769769907 -1.66766488552
0.204711079597 -1.66848874092
0.214668571949 -1.6692533493
0.224108591676 -1.66599416733
0.234213396907 -1.66763317585
0.244055137038 -1.66723191738
0.254050731659 -1.66776120663
0.264686107635 -1.67218136787
0.274246841669 -1.66962659359
0.283786863089 -1.66701722145
0.293826460838 -1.66730773449
0.30405831337 -1.66852176189
0.314869195223 -1.67262113094
0.324975192547 -1.67272460461
0.334503740072 -1.66982531548
0.344211727381 -1.66785120964
0.354531466961 -1.66875517368
0.364446401596 -1.6676415205
0.375017851591 -1.66939592361
0.385397195816 -1.67010939121
0.39556697011 -1.66978538036
0.406690716743 -1.67328631878
0.41569212079 -1.66798126698
0.426625311375 -1.67037940025
0.4373472929 -1.67173910141
0.447323381901 -1.67013263702
0.457559883595 -1.66943109035
0.467803359032 -1.6686668396
0.478328943253 -1.66880130768
0.489434123039 -1.67078888416
0.500578582287 -1.67270362377
0.509131371975 -1.66593801975
0.520898580551 -1.6696305275
0.531815767288 -1.67038369179
0.542450368404 -1.67011487484
0.553414285183 -1.67072832584
0.564083635807 -1.67032301426
0.575092434883 -1.67079555988
0.586125791073 -1.67119646072
0.596510410309 -1.6696420908
0.607922434807 -1.67084252834
0.619368553162 -1.67196655273
0.62978976965 -1.67020666599
0.641644537449 -1.67211651802
0.652088046074 -1.67021870613
0.664376556873 -1.67290282249
0.675220370293 -1.67179143429
0.686073660851 -1.67061042786
0.697321295738 -1.67028236389
0.708978831768 -1.67080044746
0.721457958221 -1.67307591438
0.731178283691 -1.66885077953
0.744126856327 -1.67187774181
0.754251778126 -1.66843211651
0.768116831779 -1.67310428619
0.779104053974 -1.67132675648
0.789668798447 -1.66857409477
0.802825927734 -1.67116332054
0.814286768436 -1.67006027699
0.826205432415 -1.66977655888
0.839045643806 -1.67119801044
0.851476252079 -1.67163527012
0.863940358162 -1.67198431492
0.874580323696 -1.66870176792
0.888496875763 -1.67153310776
0.901526808739 -1.67249810696
0.916036725044 -1.67600035667
0.92867898941 -1.67589139938
0.939881503582 -1.67307627201
0.954546570778 -1.67627036572
0.96678096056 -1.67501974106
0.97802311182 -1.67195689678
0.991302132607 -1.67226088047
1.00358784199 -1.67075228691
1.01796889305 -1.67257392406
1.03135538101 -1.67258238792
1.04318678379 -1.66994690895
1.05823075771 -1.67230045795
1.07009935379 -1.66948390007
1.08469367027 -1.67077946663
1.09878957272 -1.67112576962
1.11348044872 -1.67219686508
1.12710261345 -1.67149507999
1.14019024372 -1.66986548901
1.15614032745 -1.67225253582
1.17043626308 -1.67205274105
1.1841905117 -1.67092704773
1.19972002506 -1.67213523388
1.21177744865 -1.66836428642
1.22857058048 -1.67095506191
1.2448374033 -1.67260420322
1.25574958324 -1.66693210602
1.27391386032 -1.67073178291
1.28788781166 -1.66883468628
1.30557596684 -1.67155992985
1.32147884369 -1.67178189754
1.33680355549 -1.67109441757
1.35027730465 -1.66795325279
1.36692798138 -1.66857933998
1.38554608822 -1.67137765884
1.40102934837 -1.67018473148
1.41654551029 -1.66886794567
1.43209350109 -1.66742706299
1.44898438454 -1.66737091541
1.46922445297 -1.67092943192
1.48689568043 -1.67131984234
1.5026140213 -1.66933143139
1.51835942268 -1.66721630096
1.53548586369 -1.66644513607
1.5567458868 -1.66991949081
1.5739812851 -1.66883778572
1.59332740307 -1.66978216171
1.61273741722 -1.67055749893
1.63360750675 -1.67259395123
1.64963555336 -1.66946470737
1.66992413998 -1.67044854164
1.68743515015 -1.66844010353
1.70927011967 -1.67047786713
1.73046636581 -1.67162287235
1.75173330307 -1.67257750034
1.76797866821 -1.66853630543
1.79008603096 -1.66981947422
1.81079721451 -1.66954565048
1.83156561852 -1.66908729076
1.85238945484 -1.66844320297
1.87700200081 -1.67093765736
1.89870274067 -1.6705596447
1.92348051071 -1.67260992527
1.94379556179 -1.67051756382
1.96719956398 -1.6708343029
1.98990666866 -1.67029201984
2.01344347 -1.67018032074
2.0354988575 -1.66858303547
2.06148862839 -1.66993236542
2.08600115776 -1.66978561878
2.11293411255 -1.67127096653
2.13837862015 -1.67126727104
2.16468524933 -1.67163491249
2.18868303299 -1.66993284225
2.21752524376 -1.67161953449
2.24325203896 -1.67063748837
2.27468061447 -1.67356061935
2.30136442184 -1.67264652252
2.33136367798 -1.67381119728
2.35492801666 -1.67005503178
2.38999390602 -1.67411315441
2.41613936424 -1.67156076431
2.4439868927 -1.66988873482
2.47521209717 -1.67018616199
2.50569033623 -1.66962206364
2.53624534607 -1.6687592268
2.56855130196 -1.66868662834
2.60430836678 -1.67045354843
2.63510298729 -1.66865062714
2.66596388817 -1.66654527187
2.70369696617 -1.66833806038
2.73727011681 -1.66714692116
2.7709197998 -1.66562092304
2.80894398689 -1.66631054878
2.84620594978 -1.66610825062
2.88182783127 -1.66452801228
2.92447733879 -1.66655015945
2.96027326584 -1.66421127319
3.00226163864 -1.66490674019
3.04347991943 -1.66468942165
3.09095716476 -1.66737174988
3.13062143326 -1.66533076763
3.17745018005 -1.66659986973
3.21729230881 -1.66370534897
3.26433467865 -1.66403639317
3.3123819828 -1.66432476044
3.35964536667 -1.66366589069
3.40791106224 -1.66295158863
3.45808291435 -1.66259789467
3.49932742119 -1.65743565559
0.00181245338172 -0.00084558443632
1.34665024281 -0.618754863739
1.33838272095 -0.605551838875
1.33914220333 -0.59653532505
1.33801054955 -0.586727261543
1.33681035042 -0.576952636242
1.33646214008 -0.567602753639
1.33881878853 -0.559433221817
1.3439002037 -0.552395999432
1.34245526791 -0.542695045471
1.34837734699 -0.535984754562
1.34495270252 -0.525584161282
1.34705376625 -0.517392933369
1.34349167347 -0.507076323032
1.35204434395 -0.501338422298
1.35023963451 -0.491753876209
1.35307741165 -0.483891010284
1.35681295395 -0.476343035698
1.35767018795 -0.467790693045
1.35657894611 -0.458603978157
1.36112213135 -0.451334238052
1.36467564106 -0.443717986345
1.36342263222 -0.434557288885
1.36879098415 -0.427513033152
1.37029850483 -0.419250816107
1.37271416187 -0.411272466183
1.37604284286 -0.403561651707
1.3793284893 -0.395826011896
1.37871932983 -0.386984825134
1.38191151619 -0.379222720861
1.38699173927 -0.371954590082
1.39106667042 -0.364386737347
1.39122521877 -0.355792999268
1.39909279346 -0.34914675355
1.40692996979 -0.342420995235
1.41181719303 -0.334923356771
1.41276717186 -0.326479762793
1.41952049732 -0.319353401661
1.424284935 -0.311731874943
1.42998659611 -0.304273784161
1.4278151989 -0.295140475035
1.43931245804 -0.288796961308
1.44293129444 -0.280801415443
1.44945371151 -0.273329466581
1.45200300217 -0.265072733164
1.45844423771 -0.257491052151
1.46681773663 -0.250179618597
1.4682482481 -0.241642683744
1.47654271126 -0.234194159508
1.48084568977 -0.226053625345
1.4851038456 -0.217870950699
1.49327766895 -0.210203930736
1.51132285595 -0.203785479069
1.51744163036 -0.195629745722
3.2336268425 -0.397772520781
14.117521286 -1.65330588818
14.1259050369 -1.57104361057
14.1308279037 -1.48842561245
14.1223297119 -1.40451681614
14.1342449188 -1.32271409035
14.1267566681 -1.23915994167
14.1407032013 -1.15753257275
14.2349443436 -1.08192360401
2.44138073921 0.113121435046
2.41072201729 0.125758528709
2.37001681328 0.137463778257
2.34422802925 0.149655461311
2.34830570221 0.163637205958
2.34731388092 0.177294895053
2.35022974014 0.191271021962
2.35306239128 0.205287083983
2.35780239105 0.219527944922
2.36444664001 0.234027907252
2.37895798683 0.249446839094
2.39138150215 0.264822304249
2.38980054855 0.278728842735
2.44590711594 0.314156889915
2.43908286095 0.32771396637
2.43119335175 0.341063380241
2.41333651543 0.352885276079
2.39839100838 0.364962339401
2.38338685036 0.37687754631
2.37424659729 0.389602184296
2.36898255348 0.402903944254
2.37841701508 0.418758660555
2.39660096169 0.436348766088
2.4077808857 0.452870607376
2.41001415253 0.467822164297
2.41215467453 0.482814997435
7.53544473648 1.55393362045
7.34531068802 1.55932497978
6.97170352936 1.52244865894
6.80368757248 1.5272769928
6.66216564178 1.53627002239
5.87073993683 1.38978624344
5.70804786682 1.38638627529
5.56306600571 1.3854919672
5.41635417938 1.38246440887
5.29696035385 1.38486039639
5.15743970871 1.38048517704
5.05866146088 1.38563036919
5.0505156517 1.4150339365
5.04988908768 1.44659256935
5.05002593994 1.47847282887
5.03942394257 1.50725150108
4.98083925247 1.5213508606
4.87643814087 1.52053189278
4.77126598358 1.51824736595
4.65772771835 1.51201295853
4.16754484177 1.37973666191
4.08080673218 1.37741243839
4.01031541824 1.37965703011
3.93050050735 1.37782073021
3.86308860779 1.37947535515
3.78451490402 1.37629175186
3.71455097198 1.37536644936
3.65408587456 1.37720143795
3.584389925 1.37479901314
3.52136850357 1.37417781353
3.46498394012 1.37545347214
3.40314126015 1.37387394905
3.34513688087 1.37314140797
3.29002594948 1.37293636799
3.23319125175 1.37135648727
3.18199801445 1.37153744698
3.13824129105 1.37437903881
3.07994198799 1.37025475502
3.03182291985 1.37002933025
2.99017381668 1.37221062183
2.94044518471 1.37015283108
2.89174723625 1.36799120903
2.85218954086 1.36963891983
2.80641961098 1.36780643463
2.7634575367 1.36681842804
2.72864699364 1.36941432953
2.68677163124 1.36802196503
2.65211367607 1.36986076832
2.6139831543 1.36948680878
2.57241535187 1.36683917046
2.53624987602 1.36660087109
2.50105285645 1.36646819115
2.47031784058 1.36839556694
2.43354249001 1.36658453941
2.40208697319 1.3673607111
2.36983942986 1.36731779575
2.33853769302 1.36745131016
2.31161689758 1.36981630325
2.27617526054 1.36676692963
2.2485370636 1.36802995205
2.21500301361 1.36534512043
2.18666601181 1.36549472809
2.15502285957 1.36322319508
2.12769079208 1.36332762241
2.09539794922 1.35989415646
2.07073879242 1.36107516289
2.04863476753 1.36367797852
2.01993727684 1.36159837246
1.99711561203 1.36317789555
1.97269904613 1.36340117455
1.9508061409 1.36510694027
1.91916882992 1.35966730118
1.89985060692 1.36264884472
1.87894463539 1.36427676678
1.85244417191 1.36156225204
1.83486485481 1.3651522398
1.81171500683 1.36437284946
1.7862508297 1.36155211926
1.76563203335 1.36214661598
1.74191451073 1.36008608341
1.71985042095 1.3590362072
1.70410573483 1.36277234554
1.67904794216 1.35882234573
1.66105747223 1.36032986641
1.63694691658 1.356569767
1.62519657612 1.36285638809
1.60122895241 1.35870039463
1.58419346809 1.36017477512
1.56644046307 1.36084151268
1.55098688602 1.36332857609
1.53182160854 1.36235952377
1.51346361637 1.36188256741
1.46262776852 1.33161711693
1.34011590481 1.23441243172
1.31316018105 1.22377932072
1.29947078228 1.22522330284
1.28870356083 1.22931063175
1.28009152412 1.23539745808
1.27359890938 1.24352169037
1.26563215256 1.2502065897
1.25904536247 1.25825476646
1.25451743603 1.26840138435
1.24921488762 1.27782285213
1.24801445007 1.29154026508
1.24945926666 1.3081792593
1.24594700336 1.31978833675
1.26553785801 1.35625934601
1.24677944183 1.35183668137
1.14188480377 1.25264692307
1.10044085979 1.22137880325
1.08134663105 1.21431696415
1.07426452637 1.22058677673
1.06320822239 1.22228825092
1.05542802811 1.22769415379
1.04438364506 1.22924041748
1.03914439678 1.23759245872
1.03448188305 1.24669468403
1.030382514 1.25655770302
1.02431464195 1.26408410072
1.02131927013 1.27548551559
1.01946675777 1.28846299648
1.01996123791 1.3046131134
1.01724541187 1.31685531139
1.0320161581 1.35216271877
1.02533710003 1.35974001884
1.01263058186 1.35926616192
0.999371707439 1.35788536072
0.985575258732 1.35558760166
0.971839606762 1.35317564011
0.962215721607 1.35635924339
0.94857078790  1.35374403
0.939541637897 1.35759437084
0.930499851704 1.3613858223
0.913053750992 1.35268509388
0.906833469868 1.36046993732
0.8917568326 1.35486316681
0.880590736866 1.35499668121
0.865673184395 1.34915494919
0.856204926968 1.35163354874
0.848327755928 1.35659134388
0.839896678925 1.36065232754
0.823122143745 1.35099744797
0.814218640327 1.35404884815
0.804797112942 1.35618233681
0.796389102936 1.35997819901
0.785962939262 1.36025857925
0.772093772888 1.35438263416
0.762731552124 1.35623633862
0.751433432102 1.35452902317
0.74162119627 1.35536825657
0.72992503643 1.35261917114
0.722044289112 1.35684239864
0.710886716843 1.35482120514
0.702534019947 1.35804533958
0.690533518791 1.35409152508
0.680399298668 1.35361814499
0.669850170612 1.35217678547
0.660656988621 1.35335457325
0.648005247116 1.34726190567
0.640157043934 1.35100865364
0.628480732441 1.34655416012
0.620219349861 1.34927868843
0.613596975803 1.35559689999
0.600816249847 1.34818255901
0.592963457108 1.35165476799
0.582315862179 1.34865474701
0.575242757797 1.35386002064
0.563886165619 1.34887969494
0.555269360542 1.35028743744
0.546280324459 1.35071349144
0.538044273853 1.35293924809
0.528344273567 1.35138952732
0.51796323061 1.34790599346
0.511173248291 1.35370266438
0.501898646355 1.35290312767
0.48956951499 1.34358549118
0.482082277536 1.34735226631
0.471585154533 1.34258580208
0.46539670229 1.35003340244
0.45913746953 1.35745429993
0.448084324598 1.35061085224
0.439601331949 1.35129272938
0.431429386139 1.35287427902
0.422657370567 1.35249769688
0.413611680269 1.35110867023
0.402873575687 1.34391307831
0.396175295115 1.35007202625
0.385555148125 1.34274208546
0.379900842905 1.35266423225
0.370437026024 1.34906542301
0.361546367407 1.34733426571
0.355223864317 1.35521841049
0.345846861601 1.35144925117
0.337494850159 1.35149776936
0.331756979227 1.36218261719
0.319900780916 1.34754920006
0.312056452036 1.34938728809
0.304201602936 1.35117971897
0.294196814299 1.34315800667
0.285753667355 1.34191250801
0.280171096325 1.35432386398
0.270909905434 1.3490678072
0.261719346046 1.34375
0.256123661995 1.35704159737
0.245708838105 1.34473657608
0.238404199481 1.3490973711
0.231057107449 1.35341846943
0.223342716694 1.35572648048
0.214825257659 1.35305225849
0.206044360995 1.3483479023
0.197325482965 1.34358727932
0.190901786089 1.35461449623
0.18234962225 1.35074710846
0.174745082855 1.3537684679
0.166378065944 1.35079216957
0.158866912127 1.3547167778
0.149655327201 1.34369182587
0.142675593495 1.35249531269
0.13411167264 1.34633696079
0.125530898571 1.33912920952
0.118176557124 1.3448176384
0.110188066959 1.34348905087
0.102978475392 1.35208415985
0.0949711725116 1.35066533089
0.087241217494 1.35319077969
0.0793094933033 1.35267698765
0.0707540288568 1.34013354778
0.0632854700089 1.34751486778
0.0557745173573 1.35585343838
0.0476040616632 1.34815990925
0.0399081818759 1.35341179371
0.0319398678839 1.34962213039
0.0241775903851 1.35478425026
0.0161518771201 1.34290289879
0.00833973661065 1.34297418594
0.000527707044967 1.34399998188
-0.00730139994994 1.3459802866
-0.0151647692546 1.34891486168
-0.0229601785541 1.34580421448
-0.0309943985194 1.35464549065
-0.0389314331114 1.3564414978
-0.0468558967113 1.35719144344
-0.054709777236 1.35589683056
-0.062411788851 1.35155975819
-0.0701690837741 1.34917664528
-0.0780740082264 1.34974396229
-0.0858607888222 1.34826898575
-0.0937717854977 1.34874427319
-0.101841516793 1.35116744041
-0.109780699015 1.35154891014
-0.118248291314 1.35786092281
-0.125497326255 1.35018026829
-0.133152723312 1.34743702412
-0.140988707542 1.34663963318
-0.150028944016 1.35672998428
-0.155951961875 1.33894848824
-0.164588451385 1.34496676922
-0.171900600195 1.34001922607
-0.180623829365 1.34593427181
-0.189421653748 1.35179305077
-0.197715625167 1.35363686085
-0.20498546958 1.34850919247
-0.212670430541 1.3463062048
-0.220983833075 1.34800684452
-0.230999305844 1.3595148325
-0.237344712019 1.34928417206
-0.246263489127 1.35378372669
-0.255057930946 1.3572422266
-0.262377679348 1.35279047489
-0.270634889603 1.35320258141
-0.277493029833 1.34670817852
-0.285737335682 1.34702765942
-0.295913487673 1.35608971119
-0.302702665329 1.34946656227
-0.311670333147 1.35255527496
-0.318842470646 1.3478000164
-0.328328490257 1.35272490978
-0.337157994509 1.35467362404
-0.344785481691 1.35172045231
-0.351884454489 1.34678936005
-0.361005038023 1.34954977036
-0.36884945631 1.34742689133
-0.377220660448 1.34718441963
-0.386151999235 1.34881281853
-0.397642374039 1.35902047157
-0.404109269381 1.35189378262
-0.412258565426 1.35047662258
-0.422190219164 1.3547385931
-0.431882232428 1.3579775095
-0.438540041447 1.35163748264
-0.448280125856 1.35475981236
-0.457432061434 1.35591936111
-0.467588037252 1.35985505581
-0.473506629467 1.35144948959
-0.480351775885 1.34584665298
-0.491247206926 1.35148823261
-0.501877367496 1.35611045361
-0.508347392082 1.34942471981
-0.519052386284 1.35391461849
-0.526192724705 1.34900903702
-0.536981642246 1.35336136818
-0.548213124275 1.35856080055
-0.556106805801 1.35534882545
-0.562441825867 1.3483992815
-0.571056783199 1.34694588184
-0.580069541931 1.34635639191
-0.59390693903 1.35670030117
-0.60057002306 1.35048127174
-0.612532258034 1.3560782671
-0.621244370937 1.35431015491
-0.628689825535 1.34976673126
-0.639095902443 1.35151088238
-0.652139902115 1.35858857632
-0.660907924175 1.35656988621
-0.670560956001 1.35628807545
-0.680681407452 1.35683357716
-0.69219148159 1.35998046398
-0.700091004372 1.35593092442
-0.708894729614 1.35360729694
-0.721447706223 1.35829210281
