-0.877628326416 -1.67387843132
-0.86512106657 -1.67362535
-0.853554666042 -1.67506563663
-0.840654373169 -1.67374718189
-0.830016374588 -1.67681658268
-0.816302478313 -1.67352759838
-0.80352139473 -1.67193865776
-0.792498111725 -1.6738730669
-0.779366314411 -1.67120456696
-0.76754462719 -1.67116630077
-0.756573975086 -1.67286944389
-0.74520277977 -1.6735881567
-0.733045935631 -1.67239952087
-0.72013604641 -1.66928982735
-0.709631800652 -1.67160975933
-0.698354184628 -1.67201840878
-0.686715841293 -1.67142772675
-0.675108015537 -1.67075824738
-0.665008366108 -1.6737279892
-0.653441607952 -1.67291080952
-0.641548514366 -1.67108225822
-0.628992974758 -1.66730082035
-0.620325982571 -1.67374455929
-0.608868718147 -1.67262637615
-0.598455369473 -1.6742566824
-0.588705837727 -1.67770969868
-0.578936338425 -1.68110597134
-0.565946280956 -1.6749714613
-0.553991019726 -1.67159056664
-0.542094290257 -1.66812765598
-0.53298842907 -1.67315852642
-0.522352516651 -1.67336702347
-0.510854899883 -1.67063963413
-0.500267326832 -1.67070913315
-0.489696294069 -1.67071199417
-0.479142159224 -1.67064869404
-0.468605399132 -1.67051923275
-0.458350807428 -1.67128801346
-0.447067737579 -1.66813063622
-0.437356412411 -1.67070305347
-0.427135020494 -1.67128121853
-0.416437804699 -1.66985654831
-0.40600797534 -1.66933572292
-0.396751672029 -1.67361533642
-0.385209262371 -1.66810023785
-0.374841153622 -1.66738581657
-0.365349024534 -1.67051494122
-0.355001330376 -1.66967761517
-0.344675719738 -1.66877651215
-0.334765791893 -1.66977274418
-0.324474185705 -1.66874706745
-0.314576208591 -1.66962373257
-0.305037856102 -1.67240905762
-0.294956624508 -1.67218565941
-0.284888327122 -1.67190158367
-0.274346619844 -1.66859674454
-0.264948487282 -1.67213976383
-0.254463195801 -1.66870987415
-0.24504172802 -1.67214071751
-0.234614297748 -1.66858661175
-0.224503487349 -1.66694998741
-0.214802801609 -1.66822779179
-0.204729035497 -1.66647160053
-0.19514760375 -1.66862750053
-0.184664994478 -1.66277718544
-0.175303041935 -1.66680693626
-0.165109962225 -1.66282296181
-0.15636447072 -1.67371189594
-0.146015003324 -1.66761982441
-0.136067464948 -1.6654510498
-0.126301348209 -1.66521716118
-0.116821877658 -1.66891646385
-0.107111565769 -1.6695677042
-0.0974558442831 -1.67116081715
-0.0876803994179 -1.67070090771
-0.0778203979135 -1.66818594933
-0.0679518505931 -1.66461372375
-0.0580925196409 -1.65998399258
-0.0486976020038 -1.66928994656
-0.0387761630118 -1.66054749489
-0.0290807951242 -1.65874516964
-0.019466271624 -1.661886096
-0.00978671200573 -1.65997123718
-0.0001302453893 -1.66000008583
0.00953770242631 -1.66197264194
0.0191130395979 -1.65388965607
0.028924735263 -1.66474878788
0.038515586406 -1.66055357456
0.0484356507659 -1.66929757595
0.0580757521093 -1.66698873043
0.0678937807679 -1.6696202755
0.0774657353759 -1.66620028019
0.0875227302313 -1.67271184921
0.0966129973531 -1.66119301319
0.106594100595 -1.66559267044
0.116490311921 -1.66793715954
0.126266464591 -1.66822838783
0.135724842548 -1.66447556019
0.145230904222 -1.66166555882
0.15591609478 -1.67174506187
0.165835559368 -1.67280006409
0.174623712897 -1.6628562212
0.184624508023 -1.6647939682
0.194537743926 -1.66567826271
0.204589292407 -1.66749620438
0.214413464069 -1.66726970673
0.223975270987 -1.66500306129
0.234352469444 -1.66862344742
0.244055137038 -1.66723191738
0.254351913929 -1.6697384119
0.26296633482 -1.66131663322
0.273598521948 -1.6656794548
0.283619046211 -1.66603136063
0.293132245541 -1.66336858273
0.303699761629 -1.66655421257
0.313389211893 -1.6647592783
0.32306805253 -1.66290807724
0.333325237036 -1.66394209862
0.343403249979 -1.66393375397
0.354739308357 -1.66973340511
0.364232867956 -1.66666460037
0.374141156673 -1.66549324989
0.385397195816 -1.67010939121
0.395336449146 -1.66881215572
0.405982196331 -1.67037117481
0.416175782681 -1.669921875
0.427120238543 -1.67231714725
0.4373472929 -1.67173910141
0.44706466794 -1.66916668415
0.457031220198 -1.66750228405
0.466723620892 -1.66481542587
0.478053420782 -1.66784000397
0.488309651613 -1.66695022583
0.500291883945 -1.67174565792
0.510592758656 -1.67071974277
0.520898580551 -1.6696305275
0.530298888683 -1.6656191349
0.541832506657 -1.66821277142
0.55247092247 -1.66788041592
0.56440359354 -1.67127037048
0.575092434883 -1.67079555988
0.585794866085 -1.6702529192
0.596173942089 -1.66870033741
0.608264327049 -1.67178213596
0.619021177292 -1.67102873325
0.630142629147 -1.67114233971
0.641644537449 -1.67211651802
0.653179109097 -1.67301332951
0.662900209427 -1.66918540001
0.674096882343 -1.66900980473
0.686073660851 -1.67061042786
0.697321295738 -1.67028236389
0.710150718689 -1.67356216908
0.720270037651 -1.67032110691
0.731980919838 -1.67068266869
0.743720293045 -1.67096424103
0.756311476231 -1.67298817635
0.766030669212 -1.66856026649
0.777836501598 -1.66860771179
0.790952086449 -1.67128574848
0.801526844501 -1.66845917702
0.813848555088 -1.66916143894
0.825761973858 -1.66888034344
0.836802184582 -1.66672956944
0.851022422314 -1.67074418068
0.863940358162 -1.67198431492
0.875508785248 -1.67047309875
0.888027489185 -1.67065000534
0.89962887764 -1.66897702217
0.916516363621 -1.67687785625
0.929163634777 -1.67676591873
0.939391732216 -1.67220437527
0.954546570778 -1.67627036572
0.964781343937 -1.67155528069
0.979537904263 -1.67454648018
0.991302132607 -1.67226088047
1.00410270691 -1.6716094017
1.0195286274 -1.67513656616
1.03083050251 -1.67173111439
1.04318678379 -1.66994690895
1.05769598484 -1.67145550251
1.0733371973 -1.67453527451
1.08632731438 -1.67329573631
1.09714150429 -1.66861915588
1.11237204075 -1.67053234577
1.12654352188 -1.67066609859
1.14188194275 -1.67234301567
1.15500295162 -1.67060756683
1.17158305645 -1.67369115353
1.18361234665 -1.67011117935
1.19972002506 -1.67213523388
1.21471595764 -1.67240989208
1.23034763336 -1.67337214947
1.24364340305 -1.67099988461
1.25635123253 -1.66773068905
1.27573287487 -1.67311751842
1.28849887848 -1.66962647438
1.30742263794 -1.67392420769
1.31775808334 -1.66707491875
1.33742821217 -1.67187523842
1.35279405117 -1.67106211185
1.36946284771 -1.67167365551
1.38235509396 -1.66752839088
1.4003868103 -1.66941857338
1.41654551029 -1.66886794567
1.43404817581 -1.66970288754
1.45029628277 -1.66888058186
1.46790373325 -1.66942739487
1.48224294186 -1.6660900116
1.50194501877 -1.66858816147
1.52105271816 -1.67017364502
1.5368411541 -1.66791594028
1.55401837826 -1.66699373722
1.5739812851 -1.66883778572
1.59470808506 -1.67122912407
1.60995924473 -1.66767966747
1.63290882111 -1.67187869549
1.64752686024 -1.66733074188
1.66709601879 -1.66761958599
1.68743515015 -1.66844010353
1.70855498314 -1.66977894306
1.72830855846 -1.66953849792
1.74594712257 -1.66705274582
1.76797866821 -1.66853630543
1.78862345219 -1.6684551239
1.81006205082 -1.66886782646
1.83378303051 -1.67110788822
1.85536170006 -1.67112028599
1.87700200081 -1.67093765736
1.89795196056 -1.66989910603
1.92197144032 -1.67129766941
1.94227874279 -1.66921389103
1.96796166897 -1.67148160934
1.98684298992 -1.66772043705
2.01344347 -1.67018032074
2.03936576843 -1.67175269127
2.06226563454 -1.67056179047
2.08990454674 -1.67291009426
2.11293411255 -1.67127096653
2.13680267334 -1.67003560066
2.16705965996 -1.67346847057
2.19186329842 -1.67235922813
2.2159280777 -1.67041563988
2.24485611916 -1.67183208466
2.27065324783 -1.67059767246
2.29732012749 -1.66970705986
2.32811450958 -1.67147839069
2.3590066433 -1.67294740677
2.38835573196 -1.67296564579
2.41696166992 -1.67212963104
2.44068431854 -1.66763210297
2.47272515297 -1.66850817204
2.50818681717 -1.67128551006
2.53290343285 -1.66656053066
2.57022833824 -1.66977608204
2.60262489319 -1.6693738699
2.63172364235 -1.66651058197
2.66426801682 -1.66548526287
2.7045481205 -1.66886329651
2.73556184769 -1.66610646248
2.77263402939 -1.66665136814
2.81238436699 -1.66835129261
2.84879493713 -1.66762375832
2.88615751266 -1.66702878475
2.92534613609 -1.66704523563
2.96463179588 -1.66666162014
3.0066344738 -1.66733157635
3.04435753822 -1.66516947746
3.08567667007 -1.6645232439
3.12797284126 -1.66392183304
3.17656469345 -1.66613543034
3.21729230881 -1.66370534897
3.26611638069 -1.66494464874
3.31148815155 -1.66387569904
3.35785317421 -1.66277849674
3.40970849991 -1.66382861137
3.46078681946 -1.66389787197
3.50203871727 -1.65871977806
0.00181245338172 -0.00084558443632
1.34210681915 -0.616667330265
1.33838272095 -0.605551838875
1.34096908569 -0.597349107265
1.34075808525 -0.587932050228
1.33956480026 -0.578141391277
1.34106433392 -0.569557309151
1.34066414833 -0.560204327106
1.34482514858 -0.552776217461
1.34060108662 -0.541945457458
1.34187245369 -0.533399045467
1.34588396549 -0.525948107243
1.3461202383 -0.517034351826
1.35097634792 -0.509901285172
1.35016906261 -0.500643134117
1.3493001461 -0.491411685944
1.35307741165 -0.483891010284
1.35586941242 -0.476011782885
1.35577917099 -0.467139154673
1.35657894611 -0.458603978157
1.36207139492 -0.451649010181
1.3580186367 -0.441553533077
1.36342263222 -0.434557288885
1.36592745781 -0.426618695259
1.37125468254 -0.419543355703
1.36984038353 -0.410411477089
1.37412381172 -0.402998805046
1.3793284893 -0.395826011896
1.38064479828 -0.387525290251
1.38576889038 -0.380281239748
1.39085519314 -0.372990638018
1.39203393459 -0.364640116692
1.39510047436 -0.356784045696
1.39909279346 -0.34914675355
1.40595829487 -0.342184513807
1.4108440876 -0.334692507982
1.41179287434 -0.326254636049
1.41561806202 -0.318475455046
1.42233121395 -0.311304241419
1.425096035 -0.30323317647
1.43467020988 -0.296557486057
1.44029295444 -0.288993686438
1.44194972515 -0.280610412359
1.44945371151 -0.273329466581
1.4510191679 -0.264893144369
1.45745944977 -0.257317185402
1.4648462534 -0.249843358994
1.46726155281 -0.241480305791
1.47555506229 -0.2340375036
1.48479986191 -0.226657241583
1.48708260059 -0.21816124022
1.49723875523 -0.210761517286
1.51429593563 -0.204186365008
1.51843345165 -0.195757597685
3.25843977928 -0.400824815035
14.1155347824 -1.65307331085
14.1288871765 -1.57137525082
14.1318225861 -1.48853039742
14.1253156662 -1.40481376648
14.120306015 -1.3214097023
14.1207799911 -1.23863565922
14.1347236633 -1.1570430994
14.198050499 -1.0791195631
1.87997078896 0.0104934144765
1.87487828732 0.0213723164052
1.86272394657 0.0320718176663
1.82951462269 0.0421469919384
1.80424892902 0.052067682147
1.7959202528 0.0622850991786
1.80452024937 0.0730954483151
1.81105697155 0.0839153751731
1.81752872467 0.0948138087988
1.82493293285 0.105848275125
1.8262822628 0.116589806974
1.83255636692 0.127698197961
1.83876252174 0.138883501291
1.85885441303 0.15128095448
1.87985956669 0.164003685117
1.88683927059 0.175677984953
1.86986327171 0.185075089335
1.86079859734 0.195114970207
1.84372937679 0.204175144434
1.82264506817 0.212579980493
1.80847418308 0.221597880125
1.79723584652 0.230840340257
1.78595173359 0.239959597588
1.77957415581 0.249650046229
1.77611279488 0.25970852375
1.78050374985 0.270938664675
1.80754160881 0.285820931196
1.8344656229 0.301026791334
1.84155607224 0.313202053308
1.84462726116 0.324776381254
1.8545126915 0.337650835514
7.71374368668 1.45084965229
7.71891689301 1.49836480618
7.70712852478 1.54265284538
7.6539516449 1.57837176323
7.41574144363 1.57427656651
7.02641439438 1.53439617157
6.79588127136 1.52552473545
6.66411399841 1.53671944141
5.88533639908 1.39324164391
5.70999145508 1.38685834408
5.56597709656 1.3862169981
5.42313671112 1.38419556618
5.29696035385 1.38486039639
5.15743970871 1.38048517704
5.06155490875 1.38642287254
5.04281234741 1.41287565231
5.04123735428 1.44411420822
5.04330825806 1.4765059948
5.03655004501 1.5063918829
4.97318792343 1.51901400089
4.86020851135 1.51547122002
4.7665014267 1.51673126221
4.64726543427 1.50861644745
4.16754484177 1.37973666191
4.08080673218 1.37741243839
4.00842428207 1.3790063858
3.93427562714 1.37914395332
3.86120533943 1.37880277634
3.790153265 1.37834215164
3.71923995018 1.37710261345
3.65034294128 1.37579071522
3.584389925 1.37479901314
3.51857376099 1.37308728695
3.46219539642 1.37434649467
3.40035939217 1.37275087833
3.34421181679 1.37276172638
3.29002594948 1.37293636799
3.23687386513 1.37291836739
3.17924308777 1.37034988403
3.13274526596 1.37197208405
3.07720136642 1.36903548241
3.029088974 1.36879396439
2.98744726181 1.37095928192
2.93772602081 1.36888575554
2.89084339142 1.36756360531
2.85489392281 1.37093758583
2.80641961098 1.36780643463
2.7616648674 1.36593163013
2.7259657383 1.36806869507
2.68588042259 1.36756825447
2.64767146111 1.36756622791
2.61309719086 1.3690226078
2.5741815567 1.36777758598
2.53536963463 1.36612653732
2.50456309319 1.3683860302
2.46681880951 1.3664573431
2.43528628349 1.36756384373
2.40208697319 1.3673607111
2.36810708046 1.36631834507
2.33508467674 1.36543214321
2.30645537376 1.3667576313
2.27446055412 1.36573731899
2.24768257141 1.36751019955
2.21670532227 1.3663944006
2.18581795692 1.36496508121
2.15333247185 1.36215388775
2.12516474724 1.36170899868
2.09791445732 1.36152732372
2.07324576378 1.3627229929
2.04530477524 1.36146140099
2.02408337593 1.36439311504
1.9954637289 1.36205041409
1.97269904613 1.36340117455
1.94507086277 1.36109352112
1.92569673061 1.36429214478
1.90147590637 1.36381459236
1.87894463539 1.36427676678
1.85244417191 1.36156225204
1.83165550232 1.36276447773
1.81091630459 1.36377131939
1.78784155846 1.36276459694
1.76879930496 1.36459004879
1.74349093437 1.36131703854
1.72220420837 1.36089622974
1.7064486742 1.36464595795
1.67982530594 1.35945141315
1.6633784771 1.36223065853
1.63925683498 1.35848402977
1.6236641407 1.36157131195
1.60351634026 1.36064136028
1.58343470097 1.35952341557
1.56417572498 1.35887396336
1.55098688602 1.36332857609
1.53032708168 1.36103034019
1.5142070055 1.36255156994
1.46188831329 1.33094394207
1.33496713638 1.22966980934
1.31096541882 1.22173392773
1.29874312878 1.22453725338
1.28797996044 1.22862040997
1.27793288231 1.23331427574
1.27073693275 1.24072730541
1.26420927048 1.24880111217
1.25833809376 1.25754785538
1.25100135803 1.26484644413
1.24921488762 1.27782285213
1.24801445007 1.29154026508
1.24945926666 1.3081792593
1.24869298935 1.32269692421
1.26349115372 1.35406589508
1.24610137939 1.35110163689
1.14457952976 1.25560307503
1.09642469883 1.21692121029
1.08267664909 1.21581053734
1.07294309139 1.21908545494
1.06058299541 1.21927022934
1.0534722805 1.2254191637
1.04373621941 1.2284784317
1.03592920303 1.23376333714
1.035120368 1.24746417999
1.02594387531 1.25114476681
1.02368509769 1.26330721378
1.02069425583 1.27470493317
1.01946675777 1.28846299648
1.01749753952 1.30146181583
1.01480019093 1.31368982792
1.03262293339 1.35295748711
1.02533710003 1.35974001884
1.01203322411 1.35846424103
1.00529921055 1.36593914032
0.988515555859 1.35963177681
0.977089583874 1.36048567295
0.962794244289 1.35717475414
0.949144601822 1.35456287861
0.936696231365 1.35348296165
0.927678465843 1.35725784302
0.914732158184 1.35517168045
0.89795923233 1.34715640545
0.892306566238 1.35569834709
0.881135702133 1.35583519936
0.869993448257 1.35588812828
0.858345448971 1.35501265526
0.848327755928 1.35659134388
0.83306825161 1.3495901823
0.828325271606 1.35953736305
0.817310631275 1.35919082165
0.805307507515 1.35704243183
0.794367790222 1.35652637482
0.782460927963 1.35419762135
0.776551067829 1.36220145226
0.760770797729 1.35274982452
0.750463247299 1.35278010368
0.753621518612 1.37729978561
0.731824696064 1.35613942146
0.719695448875 1.35242843628
0.707169651985 1.3477370739
0.69931769371 1.35182797909
0.690987765789 1.35498225689
0.682644844055 1.35808551311
0.666742861271 1.34590423107
0.662850379944 1.35784769058
0.649739027023 1.35086655617
0.642298042774 1.35552704334
0.632287204266 1.35470962524
0.622725307941 1.35473036766
0.611535191536 1.35104179382
0.603665590286 1.35457634926
0.590151309967 1.34524452686
0.58627986908 1.35783541203
0.572896420956 1.34833776951
0.564657568932 1.35072505474
0.555269360542 1.35028743744
0.547780096531 1.35442173481
0.537674725056 1.35201001167
0.530529022217 1.35697758198
0.517245769501 1.34603893757
0.512586355209 1.35744488239
0.502594292164 1.35477828979
0.492308348417 1.35110199451
0.483092904091 1.35017681122
0.475230544806 1.35296416283
0.468329846859 1.35854196548
0.456574261189 1.34987592697
0.448399186134 1.3515598774
0.438673257828 1.34843981266
0.431733220816 1.35382711887
0.424148768187 1.35727000237
0.413611680269 1.35110867023
0.407467961311 1.35923910141
0.396456897259 1.35103154182
0.389418959618 1.35619831085
0.380712002516 1.35555255413
0.370701819658 1.35002982616
0.362583041191 1.35119748116
0.355731010437 1.35715317726
0.344607263803 1.34660542011
0.33846399188 1.35537862778
0.330337166786 1.35635304451
0.321748554707 1.3553327322
0.312281757593 1.35036146641
0.305739074945 1.35800874233
0.295052647591 1.34706532955
0.287628114223 1.35071504116
0.280981451273 1.35824096203
0.270122379065 1.3451461792
0.264395803213 1.35749173164
0.254454523325 1.34819769859
0.248225226998 1.35850846767
0.23857820034 1.35008203983
0.229374244809 1.34356117249
0.221229583025 1.34289932251
0.214198023081 1.34910166264
0.206346467137 1.35032486916
0.19848793745 1.35150241852
0.189506307244 1.34471237659
0.1826171875 1.35272908211
0.174617066979 1.35277676582
0.165644586086 1.34483718872
0.158633962274 1.35273039341
0.15020878613 1.3486610651
0.142885431647 1.3544844389
0.13411167264 1.34633696079
0.12609089911 1.34510302544
0.118089020252 1.34382152557
0.111250713468 1.35644555092
0.102978475392 1.35208415985
0.0943398997188 1.34168744087
0.0869195312262 1.34820103645
0.0793680250645 1.35367536545
0.0709649249911 1.34412801266
0.0635200366378 1.35250926018
0.0554457046092 1.34786021709
0.0474981963634 1.34516179562
0.0397902801633 1.34941351414
0.0318688936532 1.34662306309
0.0239277854562 1.34078657627
0.0162480920553 1.35090231895
0.0083832051605 1.34997403622
0.000526529096533 1.3409999609
-0.00735022034496 1.35498011112
-0.0151198031381 1.34491503239
-0.0229772366583 1.346804142
-0.0308342818171 1.3476473093
-0.0389314331114 1.3564414978
-0.0467523857951 1.3541932106
-0.0546291396022 1.35389828682
-0.0625501722097 1.35455667973
-0.0701690837741 1.34917664528
-0.0777275189757 1.34375393391
-0.0862421169877 1.35425686836
-0.0935637056828 1.34575152397
-0.101315401495 1.34418725967
-0.109780699015 1.35154891014
-0.117120459676 1.3449100256
-0.126330271363 1.359141469
-0.132759362459 1.34345638752
-0.141092836857 1.34763419628
-0.149259567261 1.34977245331
-0.15734025836 1.35086786747
-0.165317267179 1.35092246532
-0.17419090867 1.35787284374
-0.181155860424 1.34989881516
-0.189005360007 1.34882223606
-0.196559384465 1.34572076797
-0.205135732889 1.3494977951
-0.211890280247 1.34136748314
-0.22260157764 1.35787510872
-0.231166824698 1.36050069332
-0.239077150822 1.35913300514
-0.245547622442 1.34984838963
-0.254503875971 1.35429382324
-0.261425673962 1.34788191319
-0.269654303789 1.34829962254
-0.280318379402 1.36042010784
-0.285529822111 1.34604930878
-0.293994754553 1.34729671478
-0.300513952971 1.3397090435
-0.311221241951 1.35060632229
-0.320223718882 1.3536387682
-0.328800231218 1.35466837883
-0.335467398167 1.3478808403
-0.34429115057 1.34978246689
-0.353148400784 1.35162699223
-0.363330751657 1.35824406147
-0.370433658361 1.3532140255
-0.380725950003 1.35970282555
-0.387528181076 1.35361969471
-0.395676612854 1.35230219364
-0.404395669699 1.35285186768
-0.411382675171 1.34760725498
-0.422190219164 1.3547385931
-0.430063784122 1.35225963593
-0.438540041447 1.35163748264
-0.447651863098 1.35286104679
-0.457112371922 1.35497176647
-0.465962231159 1.35512673855
-0.47449862957 1.35428071022
-0.483040928841 1.35338115692
-0.493980169296 1.35900700092
-0.501530230045 1.35517251492
-0.510110080242 1.35410368443
-0.517262518406 1.34924590588
-0.53091686964 1.36112034321
-0.537719249725 1.35522031784
-0.545967936516 1.35299682617
-0.551931262016 1.34517216682
-0.566676497459 1.35855150223
-0.571056783199 1.34694588184
-0.584422051907 1.35645866394
-0.590698838234 1.34937167168
-0.600976347923 1.35139513016
-0.614590525627 1.36063504219
-0.619576573372 1.35067427158
-0.632912039757 1.35883164406
-0.64037835598 1.35422289371
-0.653870880604 1.36219453812
-0.661783874035 1.35836780071
-0.670117735863 1.35539162159
-0.678887724876 1.35325813293
-0.692645132542 1.36087179184
-0.701926112175 1.35948514938
-0.707502901554 1.35094964504
-0.720978558064 1.3574090004