-0.877163946629 -1.6729927063
-0.866039454937 -1.67540192604
-0.853100657463 -1.6741745472
-0.841103136539 -1.67464077473
-0.826911091805 -1.67054319382
-0.816302478313 -1.67352759838
-0.806553483009 -1.67824780941
-0.792070150375 -1.67296922207
-0.781902253628 -1.6766422987
-0.768796741962 -1.67389249802
-0.756573975086 -1.67286944389
-0.74520277977 -1.6735881567
-0.733045935631 -1.67239952087
-0.720532178879 -1.67020797729
-0.709631800652 -1.67160975933
-0.699510395527 -1.6747866869
-0.686715841293 -1.67142772675
-0.674358725548 -1.66890394688
-0.668700754642 -1.68302130699
-0.653441607952 -1.67291080952
-0.640473306179 -1.66828155518
-0.630051910877 -1.67010772228
-0.619283378124 -1.67093157768
-0.609210789204 -1.67356610298
-0.597782194614 -1.67237341404
-0.587381362915 -1.67393529415
-0.579261958599 -1.682051301
-0.567226707935 -1.67876088619
-0.553676426411 -1.67064142227
-0.543330550194 -1.67193198204
-0.533595502377 -1.67506432533
-0.522054493427 -1.67241251469
-0.510562479496 -1.669683218
-0.500554203987 -1.671667099
-0.489415049553 -1.6697524786
-0.479693561792 -1.67257118225
-0.468875467777 -1.67148196697
-0.457821846008 -1.66935932636
-0.447067737579 -1.66813063622
-0.43634340167 -1.66683340073
-0.425649344921 -1.66546809673
-0.416921764612 -1.67179703712
-0.40718960762 -1.67419409752
-0.39536768198 -1.66777718067
-0.386109262705 -1.67199754715
-0.375937819481 -1.67226409912
-0.365135371685 -1.6695381403
-0.355209261179 -1.67065572739
-0.345889359713 -1.67465245724
-0.335158914328 -1.67173373699
-0.324474185705 -1.66874706745
-0.315316826105 -1.67355442047
-0.304858446121 -1.67142534256
-0.294435501099 -1.66923117638
-0.284552395344 -1.66993010044
-0.274995565414 -1.67254376411
-0.264635503292 -1.6701644659
-0.254764676094 -1.67068707943
-0.244606733322 -1.6691724062
-0.234475076199 -1.66759645939
-0.224903911352 -1.6699231863
-0.214802801609 -1.66822779179
-0.204729035497 -1.66647160053
-0.1950314641 -1.66763436794
-0.185658410192 -1.67172217369
-0.175616830587 -1.66979050636
-0.165999233723 -1.6717787981
-0.156829565763 -1.67869019508
-0.145927786827 -1.66662371159
-0.136148884892 -1.66644763947
-0.12652823329 -1.66820859909
-0.116542562842 -1.66492605209
-0.106727421284 -1.66358006001
-0.0970483273268 -1.66417276859
-0.0873659402132 -1.66470909119
-0.0776340067387 -1.66419029236
-0.0680334195495 -1.66661202908
-0.0585122108459 -1.67197656631
-0.0484351590276 -1.66029381752
-0.0388928875327 -1.66554605961
-0.0290282089263 -1.65574574471
-0.0195248350501 -1.6668857336
-0.00982798077166 -1.66697108746
-0.000130873071612 -1.66800010204
0.00954344216734 -1.66297268867
0.0192054845393 -1.66188907623
0.0286988951266 -1.65175080299
0.038399644196 -1.65555489063
0.0483776442707 -1.66729843616
0.0579364784062 -1.66299116611
0.0678531527519 -1.66862106323
0.0773728564382 -1.66420245171
0.0870524570346 -1.66372418404
0.0966129973531 -1.66119301319
0.106977306306 -1.67158043385
0.116838671267 -1.67292499542
0.125813618302 -1.66224551201
0.136049926281 -1.66846227646
0.145317971706 -1.66266167164
0.155266061425 -1.66477525234
0.165440931916 -1.66881942749
0.174623712897 -1.6628562212
0.185396075249 -1.67175126076
0.194537743926 -1.66567826271
0.204467535019 -1.66650366783
0.214158371091 -1.66528606415
0.224108591676 -1.66599416733
0.23393522203 -1.6656525135
0.243765458465 -1.66525304317
0.253598958254 -1.66479551792
0.264060735703 -1.66823065281
0.273922681808 -1.66765296459
0.283954679966 -1.66800296307
0.293826460838 -1.66730773449
0.303699761629 -1.66655421257
0.313574194908 -1.66574203968
0.323449492455 -1.66487145424
0.333718091249 -1.66590321064
0.344211727381 -1.66785120964
0.354115843773 -1.66679883003
0.365300387144 -1.67154920101
0.374360322952 -1.66646885872
0.384722650051 -1.66718614101
0.395336449146 -1.66881215572
0.405982196331 -1.67037117481
0.415208488703 -1.66604065895
0.42637783289 -1.66941046715
0.4373472929 -1.67173910141
0.448358237743 -1.67399644852
0.456502586603 -1.66557335854
0.468343257904 -1.67059278488
0.478879988194 -1.67072379589
0.489434123039 -1.67078888416
0.500005185604 -1.67078757286
0.509423673153 -1.66689431667
0.520600736141 -1.6686757803
0.531208992004 -1.66847777367
0.543068230152 -1.67201721668
0.553414285183 -1.67072832584
0.564083635807 -1.67032301426
0.575092434883 -1.67079555988
0.586456775665 -1.67214012146
0.596846818924 -1.67058372498
0.608264327049 -1.67178213596
0.619368553162 -1.67196655273
0.628731310368 -1.66739952564
0.640211522579 -1.6683819294
0.651360630989 -1.66835570335
0.663638412952 -1.67104411125
0.67484587431 -1.67086422443
0.686073660851 -1.67061042786
0.694624483585 -1.66382277012
0.707807004452 -1.66803884506
0.720270037651 -1.67032110691
0.730375647545 -1.66701877117
0.74128049612 -1.66548264027
0.75466376543 -1.66934335232
0.764778971672 -1.66583383083
0.777414023876 -1.66770124435
0.790096580982 -1.66947805882
0.80195993185 -1.66936051846
0.814725041389 -1.67095911503
0.826648890972 -1.67067289352
0.83814817667 -1.66941058636
0.851476252079 -1.67163527012
0.863022267818 -1.67020750046
0.875044584274 -1.66958749294
0.889435589314 -1.67329907417
0.903899252415 -1.67689931393
0.918914377689 -1.68126523495
0.930133104324 -1.67851543427
0.938412189484 -1.67046070099
0.95306199789 -1.67366337776
0.965281248093 -1.67242145538
0.977518260479 -1.67109382153
0.992831945419 -1.67484152317
1.00616240501 -1.67503845692
1.01744902134 -1.67171978951
1.03240513802 -1.67428469658
1.04583585262 -1.67418754101
1.05983495712 -1.67483556271
1.07009935379 -1.66948390007
1.08578276634 -1.67245697975
1.10043776035 -1.67363250256
1.11237204075 -1.67053234577
1.12598454952 -1.66983699799
1.14131808281 -1.67151725292
1.15670907497 -1.67307519913
1.17043626308 -1.67205274105
1.18650341034 -1.67419052124
1.20088601112 -1.67376029491
1.21236526966 -1.66917359829
1.23212480545 -1.67578911781
1.24424040318 -1.67180204391
1.2581564188 -1.67012691498
1.27330756187 -1.66993665695
1.2903316021 -1.67200124264
1.30434501171 -1.66998386383
1.31837832928 -1.66785955429
1.33617901802 -1.67031359673
1.3515355587 -1.66950762272
1.36439311504 -1.66548514366
1.38618433475 -1.67214763165
1.40102934837 -1.67018473148
1.41719257832 -1.66963028908
1.43274509907 -1.6681855917
1.45095217228 -1.66963541508
1.467243433 -1.66867649555
1.48357236385 -1.66758441925
1.50127613544 -1.66784501076
1.52105271816 -1.67017364502
1.5375187397 -1.66865134239
1.5547003746 -1.66772532463
1.57329523563 -1.66811037064
1.59263706207 -1.66905868053
1.61273741722 -1.67055749893
1.63221025467 -1.67116332054
1.65174412727 -1.67159867287
1.67063105106 -1.67115581036
1.6845908165 -1.66562771797
1.70927011967 -1.67047786713
1.72830855846 -1.66953849792
1.74594712257 -1.66705274582
1.76943314075 -1.6699090004
1.78716087341 -1.66709089279
1.81079721451 -1.66954565048
1.83230471611 -1.66976070404
1.85461854935 -1.67045092583
1.8755081892 -1.66960787773
1.89945352077 -1.67122030258
1.9189530611 -1.66867291927
1.94303703308 -1.66986560822
1.96643745899 -1.67018699646
1.99220454693 -1.67222082615
2.01421308517 -1.67081880569
2.03781914711 -1.67048490047
2.06148862839 -1.66993236542
2.08678174019 -1.67041051388
2.10979676247 -1.66878938675
2.13601493835 -1.66941988468
2.16389393806 -1.67102372646
2.18868303299 -1.66993284225
2.21752524376 -1.67161953449
2.24405407906 -1.67123484612
2.26904225349 -1.6694123745
2.29893803596 -1.67088294029
2.32730221748 -1.67089521885
2.356559515 -1.67121195793
2.39081287384 -1.67468678951
2.41942882538 -1.67383646965
2.44316124916 -1.66932451725
2.47272515297 -1.66850817204
2.50319385529 -1.667958498
2.53457450867 -1.66765987873
2.56771254539 -1.66814172268
2.60262489319 -1.6693738699
2.63679242134 -1.66972053051
2.66850781441 -1.6681355238
2.70199513435 -1.66728782654
2.73470783234 -1.66558635235
2.77349090576 -1.66716647148
2.81582450867 -1.67039215565
2.84620594978 -1.66610825062
2.88702344894 -1.66752898693
2.92621517181 -1.66754043102
2.96201682091 -1.66519141197
3.0066344738 -1.66733157635
3.04611206055 -1.66612911224
3.08655667305 -1.6649980545
3.12885570526 -1.66439139843
3.17833590508 -1.66706442833
3.21729230881 -1.66370534897
3.26522541046 -1.66449058056
3.31148815155 -1.66387569904
3.35695719719 -1.66233468056
3.40611362457 -1.66207444668
3.45357680321 -1.66043138504
3.50384616852 -1.65957581997
0.00181245338172 -0.00084558443632
1.34210681915 -0.616667330265
1.33109402657 -0.602254092693
1.34462308884 -0.598976790905
1.33984220028 -0.587530434132
1.340482831 -0.578537642956
1.33738267422 -0.567993700504
1.34250950813 -0.560975432396
1.34020066261 -0.550875306129
1.34709084034 -0.544569015503
1.34558951855 -0.534876585007
1.34495270252 -0.525584161282
1.34985435009 -0.518468558788
1.34629833698 -0.508135676384
1.35204434395 -0.501338422298
1.3493001461 -0.491411685944
1.35213589668 -0.483554303646
1.35681295395 -0.476343035698
1.35388827324 -0.466487616301
1.35752630234 -0.458924233913
1.36302053928 -0.451963752508
1.36182260513 -0.442790359259
1.36246979237 -0.43425360322
1.36497282982 -0.426320552826
1.37125468254 -0.419543355703
1.37079834938 -0.410698473454
1.37604284286 -0.403561651707
1.37740600109 -0.395274341106
1.37775659561 -0.386714607477
1.38480460644 -0.380016624928
1.38699173927 -0.371954590082
1.39106667042 -0.364386737347
1.39897584915 -0.35777515173
1.40103340149 -0.349631041288
1.40401506424 -0.341711550951
1.40987122059 -0.334461718798
1.41666448116 -0.327380418777
1.41854500771 -0.319133937359
1.42135429382 -0.311090439558
1.42998659611 -0.304273784161
1.43369102478 -0.296355068684
1.43637108803 -0.288206756115
1.44194972515 -0.280610412359
1.44847106934 -0.273144155741
1.45298671722 -0.265252321959
1.45647466183 -0.257143318653
1.46287477016 -0.24950709939
1.4682482481 -0.241642683744
1.47456729412 -0.233880832791
1.48183429241 -0.226204529405
1.4860932827 -0.21801610291
1.4952583313 -0.210482731462
1.51330494881 -0.204052731395
1.51149094105 -0.194862574339
3.22866415977 -0.397162079811
14.1244735718 -1.65412008762
14.1268997192 -1.57115423679
14.133810997 -1.48873984814
14.1312856674 -1.40540742874
14.1232919693 -1.32168912888
14.131737709 -1.23959684372
14.138710022 -1.15736949444
14.1990480423 -1.07919538021
23.1738262177 1.47941637039
18.5300674438 1.2912324667
18.5272293091 1.39937949181
16.7336273193 1.55801820755
16.7431869507 1.65720522404
0.00198218831792 0.000266325863777
9.56132507324 1.39808535576
9.24359226227 1.40659439564
8.90535259247 1.40817570686
8.56643199921 1.40570938587
8.27221488953 1.40689432621
7.96646595001 1.4026247263
7.73976230621 1.40917730331
7.72258853912 1.45251321793
7.71891689301 1.49836480618
7.71105051041 1.54343783855
7.65982818604 1.57958352566
7.43628358841 1.57863736153
7.01273679733 1.53140926361
6.80368757248 1.5272769928
6.64754915237 1.53289961815
5.88922929764 1.39416313171
5.71193504333 1.38733041286
5.57179927826 1.3876670599
2.9940135479 0.764188706875
2.9692003727 0.776280641556
2.92502856255 0.782938539982
2.90885090828 0.796770453453
2.88587141037 0.808552265167
2.86285376549 0.820093810558
2.87051105499 0.840386211872
2.89048337936 0.86452049017
2.91122770309 0.889207422733
2.94228339195 0.917439162731
2.95786070824 0.941210269928
2.93901968002 0.954077959061
2.9182305336 0.966129899025
2.89740133286 0.977972388268
2.87558794022 0.989280104637
2.8650662899 1.00433707237
2.85446643829 1.01930510998
2.86070585251 1.04033565521
2.97464179993 1.10140430927
3.63911390305 1.37155866623
3.58719086647 1.37587332726
3.52136850357 1.37417781353
3.46591329575 1.37582230568
3.40499591827 1.3746227026
3.34513688087 1.37314140797
3.29187178612 1.37370669842
3.23503255844 1.37213742733
3.1829161644 1.37193322182
3.1354932785 1.37317550182
3.08359694481 1.37188076973
3.03000020981 1.36920571327
2.98653841019 1.37054228783
2.93953895569 1.36973047256
2.89355516434 1.36884653568
2.85399246216 1.3705047369
2.80731844902 1.36824452877
2.76435375214 1.36726164818
2.72775316238 1.36896574497
2.68677163124 1.36802196503
2.64678287506 1.36710727215
2.61575460434 1.3704148531
2.57329821587 1.36730825901
2.53889083862 1.36802399158
2.50544047356 1.36886548996
2.46769356728 1.36694180965
2.43267059326 1.36609494686
2.40034866333 1.36637127399
2.36810708046 1.36631834507
2.33335828781 1.36442255974
2.30387425423 1.36522817612
2.26845955849 1.36213374138
2.24682831764 1.36699044704
2.21585416794 1.36586976051
2.18157672882 1.36231672764
2.15333247185 1.36215388775
2.12432265282 1.36116945744
2.09707546234 1.3609828949
2.06823182106 1.35942733288
2.04613733292 1.36201560497
2.02325391769 1.36383414268
1.99463784695 1.36148667336
1.97681236267 1.36624395847
1.94425153732 1.36052024364
1.92406463623 1.36313581467
1.90066337585 1.36323177814
1.87975394726 1.36486446857
1.85647308826 1.36452353001
1.83326017857 1.36395835876
1.81011724472 1.3631696701
1.78704631329 1.3621584177
1.76721560955 1.36336839199
1.75058472157 1.36685585976
1.72220420837 1.36089622974
1.70722961426 1.36527049541
1.68138003349 1.36070966721
1.66183102131 1.36096346378
1.64002668858 1.35912203789
1.62596297264 1.36349904537
1.60427880287 1.3612883091
1.58950436115 1.36473476887
1.57474458218 1.36805570126
1.5554933548 1.36728990078
1.53331589699 1.36368846893
1.51643717289 1.36455821991
1.46780395508 1.33632969856
1.33864474297 1.23305737972
1.31169700623 1.22241580486
1.29947078228 1.22522330284
1.28725636005 1.22793006897
1.27721333504 1.23261976242
1.27502989769 1.24491894245
1.26349782944 1.24809837341
1.25904536247 1.25825476646
1.25381422043 1.26769053936
1.25131213665 1.27996814251
1.24801445007 1.29154026508
1.24738717079 1.30600976944
1.24800646305 1.32196974754
1.26485562325 1.35552823544
1.24881327152 1.35404205322
1.14660048485 1.25782012939
1.09642469883 1.21692121029
1.08600199223 1.21954464912
1.07426452637 1.22058677673
1.06255185604 1.22153377533
1.0534722805 1.2254191637
1.04373621941 1.2284784317
1.03078496456 1.2276365757
1.03575897217 1.24823379517
1.02848029137 1.25423789024
1.02557384968 1.26563799381
1.02006912231 1.27392435074
1.02132809162 1.29081559181
1.01996123791 1.3046131134
1.01480019093 1.31368982792
1.0350497961 1.3561372757
1.02232682705 1.35574781895
1.00904607773 1.35445463657
0.995222508907 1.35224759579
0.984399139881 1.3539699316
0.972422897816 1.353987813
0.964530050755 1.35962164402
0.950866162777 1.35701978207
0.938972592354 1.35677218437
0.928806960583 1.35890901089
0.916410624981 1.35765826702
0.901841700077 1.35298109055
0.889557600021 1.35152184963
0.882770478725 1.35835075378
0.868913412094 1.35420489311
0.860485911369 1.35839176178
0.846206963062 1.3531999588
0.837270379066 1.35639762878
0.821561276913 1.34843552113
0.813703298569 1.35319185257
0.805817842484 1.35790240765
0.800936996937 1.36774456501
0.783961772919 1.35679519176
0.76813185215 1.34743273258
0.759300231934 1.35013484955
0.755314290524 1.36152470112
0.742101252079 1.35624563694
0.728500306606 1.34997904301
0.721574485302 1.35595953465
0.709028184414 1.35127902031
0.703452944756 1.35982167721
0.690079152584 1.35320055485
0.677704632282 1.34825718403
0.672513604164 1.35755324364
0.6641664505 1.36054372787
0.648438632488 1.34816300869
0.645295381546 1.36185276508
0.630595445633 1.35108494759
0.622725307941 1.35473036766
0.611535191536 1.35104179382
0.60203742981 1.35092270374
0.59416872263 1.35440206528
0.585090696812 1.3550812006
0.573678553104 1.35017859936
0.565814673901 1.35349297523
0.55450874567 1.34843766689
0.548904895782 1.35720288754
0.537305235863 1.35108089447
0.528708398342 1.35232079029
0.519756734371 1.35257315636
0.51223307848 1.35650932789
0.503289937973 1.35665333271
0.494020134211 1.35579991341
0.485451132059 1.35676765442
0.474236369133 1.35013377666
0.46637442708 1.35286962986
0.454651832581 1.34419226646
0.448714107275 1.35250914097
0.436507701874 1.34178316593
0.42991027236 1.34811067581
0.423253923655 1.35440659523
0.412733525038 1.34824001789
0.403735011816 1.34678661823
0.398709446192 1.35870778561
0.387487053871 1.34947025776
0.381793558598 1.35940349102
0.370701819658 1.35002982616
0.363878905773 1.35602664948
0.35218128562 1.34361064434
0.346094757318 1.35241806507
0.33773714304 1.35246801376
0.32702434063 1.34275066853
0.320131719112 1.34852206707
0.313183009624 1.35425877571
0.303323030472 1.34727740288
0.295052647591 1.34706532955
0.288044661283 1.35267114639
0.280981451273 1.35824096203
0.271106779575 1.3500483036
0.262866407633 1.34963941574
0.255938231945 1.35605895519
0.245708838105 1.34473657608
0.239448294044 1.35500574112
0.230383977294 1.34947562218
0.222042322159 1.34783279896
0.214825257659 1.35305225849
0.207101762295 1.35526752472
0.199214473367 1.35644936562
0.19062268734 1.35263419151
0.182215854526 1.34975612164
0.175129130483 1.35674381256
0.166378065944 1.35079216957
0.158633962274 1.35273039341
0.150430172682 1.3506487608
0.142570704222 1.35150098801
0.134508162737 1.35031735897
0.12609089911 1.34510302544
0.118789330125 1.35179078579
0.11002458632 1.34149575233
0.102902524173 1.35108697414
0.0951114520431 1.35266029835
0.087434232235 1.35618448257
0.079016841948 1.34768557549
0.0707540288568 1.34013354778
0.0635200366378 1.35250926018
0.0554457046092 1.34786021709
0.0477805025876 1.35315680504
0.0399376526475 1.3544113636
0.0320581644773 1.35462069511
0.0240526869893 1.34778547287
0.0162240378559 1.34890258312
0.00839562527835 1.35197401047
0.000527314376086 1.34299993515
-0.00730139994994 1.3459802866
-0.0151310451329 1.34591507912
-0.0229431185871 1.34480428696
-0.0308571569622 1.34864711761
-0.0386158488691 1.34544599056
-0.0464418567717 1.34519863129
-0.0545888245106 1.35289919376
-0.0623195320368 1.3495619297
-0.0701171383262 1.34817790985
-0.0785937234759 1.35872888565
-0.0857972353697 1.34727096558
-0.0941879227757 1.35472977161
-0.101390562952 1.34518444538
-0.10937590152 1.34656524658
-0.118335053325 1.35885727406
-0.125589877367 1.35117602348
-0.133054375648 1.34644186497
-0.140988707542 1.34663963318
-0.149589315057 1.35275435448
-0.156646117568 1.34490823746
-0.165317267179 1.35092246532
-0.17393642664 1.35588920116
-0.181687876582 1.35386323929
-0.18914411962 1.34981238842
-0.197426572442 1.35165786743
-0.204684898257 1.34653198719
-0.214230746031 1.35618376732
-0.222278028727 1.35590147972
-0.229491710663 1.35064208508
-0.23873065412 1.35716307163
-0.246084541082 1.35280001163
-0.254873275757 1.35625958443
-0.261044859886 1.34591853619
-0.270242631435 1.35124123096
-0.278300255537 1.35062587261
-0.286774873734 1.35191881657
-0.293994754553 1.34729671478
-0.302046090364 1.34653949738
-0.311670333147 1.35255527496
-0.320223718882 1.3536387682
-0.3290361166 1.35564029217
-0.334018290043 1.34205842018
-0.345526963472 1.35462737083
-0.352895587683 1.35065937042
-0.36229711771 1.35437989235
-0.369377523661 1.34935593605
-0.380186676979 1.35777699947
-0.388904333115 1.35842657089
-0.399046510458 1.36381936073
-0.404968470335 1.35476815701
-0.412550568581 1.35143303871
-0.421297609806 1.3518743515
-0.430063784122 1.35225963593
-0.439157277346 1.35353982449
-0.447966009378 1.35381042957
-0.454874783754 1.34833908081
-0.465962231159 1.35512673855
-0.473176002502 1.35050570965
-0.482368648052 1.35149753094
-0.490905582905 1.35054838657
-0.500836133957 1.35329687595
-0.509757578373 1.35316801071
-0.517620503902 1.35017967224
-0.526556134224 1.34994077682
-0.536612868309 1.35243177414
-0.546342074871 1.35392403603
-0.558004796505 1.35997450352
-0.566676497459 1.35855150223
-0.578082799911 1.36351811886
-0.584026396275 1.35554027557
-0.59350591898 1.35578417778
-0.60422706604 1.35870492458
-0.61170899868 1.35425567627
-0.619159579277 1.34976530075
-0.632912039757 1.35883164406
-0.64508074522 1.36416709423
-0.653870880604 1.36219453812
-0.660469949245 1.35567080975
-0.671890497208 1.35897731781
-0.678887724876 1.35325813293
-0.689923524857 1.35552453995
-0.700091004372 1.35593092442
-0.707502901554 1.35094964504
-0.716756880283 1.34946060181